[[0.         1.         0.         0.         1.         1.
  1.         0.40615848 0.71560297]
 [1.         1.         0.         0.         1.         1.
  0.         0.42722915 0.50350565]
 [0.         0.         0.         0.         1.         1.
  0.         0.31288927 0.25839807]
 [0.         1.         0.         0.         1.         0.
  1.         0.63649077 0.18194983]
 [0.         0.         0.         1.         1.         0.
  0.         0.77708736 0.2390145 ]
 [1.         1.         0.         0.         1.         0.
  1.         0.80469414 0.91700896]
 [0.         1.         0.         1.         0.         0.
  1.         0.259732   0.29402802]
 [0.         1.         0.         1.         1.         1.
  1.         0.59384088 0.37870959]
 [0.         1.         1.         1.         1.         1.
  0.         0.87089562 0.57210456]
 [0.         0.         1.         1.         1.         1.
  0.         0.00861804 0.22454536]
 [0.         0.         1.         0.         1.         0.
  0.         0.76655606 0.65733959]
 [0.         1.         0.         0.         0.         1.
  0.         0.06332699 0.03580213]
 [0.         1.         0.         1.         1.         1.
  0.         0.32560542 0.92473646]
 [1.         0.         0.         0.         0.         1.
  0.         0.01053551 0.18687473]
 [0.         0.         1.         1.         0.         1.
  1.         0.53765729 0.86400731]
 [0.         1.         1.         1.         1.         1.
  0.         0.47460022 0.23678281]
 [0.         0.         1.         1.         1.         0.
  0.         0.75359352 0.31280123]
 [0.         0.         1.         0.         1.         1.
  0.         0.95132852 0.59255054]
 [1.         1.         0.         1.         0.         1.
  1.         0.91273725 0.95561069]
 [0.         1.         0.         0.         1.         1.
  1.         0.84494679 0.38574592]
 [1.         0.         1.         0.         0.         0.
  1.         0.81774107 0.05462613]
 [0.         1.         1.         0.         0.         0.
  0.         0.5542864  0.94220113]
 [0.         0.         0.         0.         0.         0.
  0.         0.41778941 0.40979535]
 [1.         0.         0.         1.         0.         0.
  1.         0.61310709 0.21388502]
 [1.         0.         0.         1.         0.         1.
  1.         0.04204182 0.03358245]
 [0.         0.         1.         0.         1.         1.
  1.         0.44562555 0.73755231]
 [0.         1.         0.         0.         1.         1.
  1.         0.73080378 0.1780936 ]
 [1.         0.         1.         1.         1.         1.
  0.         0.81062695 0.55089292]
 [1.         1.         0.         0.         0.         1.
  0.         0.12065218 0.67171516]
 [1.         0.         0.         0.         0.         0.
  0.         0.54908734 0.07884457]
 [0.         1.         0.         0.         0.         0.
  1.         0.74288663 0.75393355]
 [0.         0.         0.         0.         1.         0.
  1.         0.97777741 0.90230299]
 [0.         1.         0.         0.         0.         1.
  1.         0.34816266 0.27562164]
 [1.         0.         0.         0.         1.         1.
  0.         0.13252735 0.64971198]
 [1.         1.         0.         0.         0.         0.
  0.         0.17797976 0.35737705]
 [1.         1.         1.         0.         1.         1.
  0.         0.54212714 0.51357091]
 [1.         0.         0.         0.         1.         0.
  0.         0.59641577 0.67117833]
 [0.         1.         0.         0.         0.         0.
  0.         0.12943591 0.86887851]
 [0.         0.         1.         0.         0.         1.
  1.         0.21571642 0.39452436]
 [0.         1.         1.         0.         1.         0.
  0.         0.5497154  0.25739981]
 [0.         0.         1.         1.         1.         0.
  1.         0.24554244 0.6122053 ]
 [0.         0.         0.         0.         0.         1.
  0.         0.72157017 0.80517847]
 [0.         0.         1.         1.         1.         0.
  1.         0.07039536 0.60586052]
 [0.         1.         0.         1.         0.         0.
  0.         0.61844577 0.69117945]
 [0.         0.         1.         1.         1.         0.
  1.         0.81749672 0.27307031]
 [0.         1.         0.         0.         0.         0.
  0.         0.23514371 0.25076448]
 [1.         0.         0.         1.         0.         1.
  1.         0.398168   0.45355282]
 [0.         0.         1.         1.         1.         1.
  1.         0.90914118 0.11596076]
 [0.         1.         0.         0.         0.         1.
  1.         0.05412818 0.28151433]
 [1.         1.         1.         0.         1.         1.
  1.         0.92797579 0.58838271]
 [0.         0.         0.         0.         0.         0.
  1.         0.419629   0.40274552]
 [1.         0.         0.         0.         1.         0.
  0.         0.99486032 0.37147408]
 [1.         0.         0.         0.         0.         1.
  1.         0.08078047 0.70963009]
 [0.         1.         1.         0.         1.         1.
  1.         0.71353355 0.16361443]
 [0.         1.         1.         1.         1.         0.
  0.         0.96903913 0.88321328]
 [0.         1.         1.         0.         1.         1.
  0.         0.41653993 0.99063015]
 [1.         1.         1.         1.         0.         1.
  0.         0.43218532 0.49198919]
 [0.         1.         0.         1.         1.         0.
  1.         0.0367975  0.95754069]
 [1.         1.         0.         0.         0.         0.
  0.         0.33925375 0.59296149]
 [1.         0.         1.         0.         0.         0.
  1.         0.36941907 0.89421557]
 [1.         1.         1.         1.         1.         0.
  0.         0.43613315 0.26995851]
 [1.         1.         1.         1.         1.         1.
  0.         0.04719848 0.137946  ]
 [1.         1.         0.         1.         0.         0.
  0.         0.7746758  0.27414473]
 [0.         1.         1.         1.         0.         1.
  0.         0.38501171 0.88647252]
 [0.         1.         0.         1.         0.         0.
  1.         0.7256394  0.82972989]
 [0.         1.         0.         0.         0.         0.
  1.         0.90874573 0.67305345]
 [0.         1.         1.         0.         0.         0.
  1.         0.15324291 0.86614388]
 [0.         1.         1.         0.         1.         0.
  0.         0.82725447 0.17283072]
 [0.         1.         0.         1.         0.         1.
  1.         0.10626051 0.66883897]
 [1.         1.         1.         1.         1.         1.
  1.         0.84608895 0.47521808]]
